0,-100.28
1,89
2,-102.44
3,96.84
4,98.04
5,99.36
6,94.36
7,-101.68
8,92.48
9,98.92
10,98.2
11,96.16
12,98.72
13,99.52
14,98.52
15,99.52
16,-100.44
17,94.96
18,99.48
19,98.96
20,-101.4
21,94.44
22,-101.08
23,99.68
24,99.64
25,99.36
26,99.4
27,99.24
28,98.08
29,-100.52
30,96.6
31,97.08
32,99
33,97.28
34,-101.96
35,99.48
36,96.4
37,-101.36
38,98.48
39,95.64
40,97
41,-100.36
42,98.2
43,98
44,94.84
45,-101.12
46,99.72
47,95.96
48,99.44
49,99.56
50,-100.2
51,99.76
52,99.76
53,99.44
54,99.44
55,99.32
56,99.48
57,99.08
58,99.36
59,99.64
60,99.72
61,99.12
62,99.4
63,99.28
64,99.8
65,98.68
66,99.76
67,98.6
68,99.4
69,99.6
70,-100.64
71,-100.4
72,99.12
73,99
74,99.64
75,99.52
76,99.8
77,99.76
78,98.52
79,99.6
80,99.36
81,99.44
82,99.2
83,99.72
84,99.84
85,99.6
86,99.48
87,99.68
88,99.6
89,99.56
90,99.56
91,98.44
92,99.72
93,-100.36
94,99.52
95,99.48
96,-101.24
97,99.32
98,99.72
99,99.68
100,99.76
101,99.64
102,99.84
103,99.68
104,99.8
105,99.24
106,97.44
107,99.6
108,99.76
109,99.64
110,99.84
111,99.12
112,-100.16
113,99.72
114,99.72
115,99.08
116,99.32
117,98.6
118,99.8
119,99.2
120,99.64
121,98.64
122,98.92
123,-100.52
124,98.52
125,-100.68
126,99.16
127,99.24
128,99.6
129,99.12
130,99.28
131,99.28
132,-101.12
133,99.2
134,99.28
135,-103.08
136,99.64
137,99.6
138,99.44
139,99.6
140,99.12
141,99.28
142,99.8
143,99.36
144,99.4
145,-100.36
146,98.8
147,99.2
148,99.36
149,99.52
150,99.72
151,99.36
152,99.44
153,-101.76
154,-101.56
155,99.8
156,99
157,99.64
158,99.84
159,99.76
160,99.2
161,99.44
162,98.4
163,99.48
164,99.32
165,99.2
166,98.16
167,97.96
168,99.8
169,99.48
170,99.56
171,99.08
172,-100.48
173,99.32
174,97.92
175,99.8
176,99.16
177,99.84
178,-100.12
179,97.92
180,97.76
181,-100.28
182,99.04
183,99.56
184,99.64
185,99.56
186,99.28
187,99.72
188,98.72
189,99.4
190,99.6
191,99.84
192,-100.76
193,99.8
194,99.52
195,99.76
196,99.84
197,99.36
198,99.76
199,99.64
200,99.6
201,99.76
202,99.64
203,99.6
204,98.48
205,98.84
206,-101.8
207,99.72
208,98.28
209,97.68
210,99.48
211,98.8
212,-101.28
213,99.84
214,-100.56
215,99.68
216,99.44
217,98.96
218,99.84
219,99.6
220,98.72
221,98.88
222,99.36
223,95.36
224,99.32
225,98.16
226,99.44
227,98.8
228,99.08
229,98.92
230,99.6
231,98.96
232,99.48
233,99.56
234,99.6
235,99.72
236,99.52
237,99.68
238,98.52
239,99.68
240,98.72
241,99.52
242,99.56
243,99.8
244,99.68
245,99.64
246,-101.04
247,99.68
248,99.8
249,-101.16
250,99.32
251,99.16
252,99.84
253,98.92
254,-101.12
255,99.76
256,99.76
257,99
258,99.8
259,98.76
260,99.68
261,-100.72
262,99.64
263,98.8
264,99.8
265,99.16
266,99.16
267,99.32
268,99.08
269,-100.48
270,99.52
271,99.68
272,99.48
273,98.92
274,99.4
275,-101.16
276,98.88
277,99.48
278,99.48
279,99.4
280,99.56
281,99.56
282,99.68
283,99.68
284,-101.24
285,99.52
286,99.08
287,97.72
288,99.24
289,98.08
290,99.56
291,98.92
292,-100.4
293,-100.28
294,97.16
295,96.96
296,99.68
297,99.32
298,-102.28
299,-100.52
300,99.48
301,-100.4
302,-100.2
303,99.8
304,99.72
305,99.64
306,99.64
307,99.12
308,97.72
309,98.44
310,99.56
311,99.28
312,99.64
313,-100.8
314,-100.4
315,99.12
316,97.4
317,-100.48
318,98.32
319,99.84
320,-100.84
321,99.68
322,99.64
323,99.6
324,99.72
325,99.44
326,98.4
327,99.16
328,99.36
329,99.04
330,99.68
331,99.2
332,98.84
333,99.64
334,-100.68
335,99.84
336,99.68
337,99.76
338,99.56
339,99.64
340,99.04
341,99.28
342,99.24
343,-100.24
344,-100.36
345,99.52
346,99
347,98.48
348,99.28
349,99.8
350,99.76
351,99.6
352,-100.76
353,99.28
354,-100.48
355,99.6
356,-101.12
357,-100.64
358,99.84
359,99.32
360,99.44
361,99.8
362,-100.8
363,99.2
364,98.16
365,99.76
366,99.64
367,99.12
368,99.56
369,99.36
370,98.96
371,-101.12
372,99.64
373,99.04
374,98.8
375,99.28
376,99.84
377,-100.56
378,97.32
379,99.68
380,99.56
381,-100.12
382,99.8
383,99.6
384,99.04
385,99.64
386,99.28
387,-100.6
388,99.04
389,99.24
390,98.72
391,-100.76
392,99.36
393,99.8
394,99.76
395,98.44
396,96.52
397,99.28
398,99.24
399,99.76
400,99.16
401,99.24
402,99.32
403,99.84
404,99.68
405,-100.36
406,99.24
407,99.68
408,-100.28
409,99.84
410,99.48
411,99.72
412,99.76
413,99.08
414,99.76
415,99.56
416,98.48
417,-100.76
418,99.68
419,98.92
420,-103.16
421,-100.24
422,99.52
423,99.6
424,-100.2
425,99.76
426,98.04
427,99.2
428,-100.16
429,99.72
430,99
431,99.2
432,99.12
433,98.76
434,99.64
435,99.24
436,99.68
437,99.84
438,99.84
439,99.4
440,99.6
441,99.12
442,98.16
443,99.8
444,99.76
445,99.56
446,99.24
447,99.2
448,99.2
449,99.8
450,99
451,99.4
452,-100.88
453,-100.16
454,99.36
455,99.8
456,98.76
457,-100.2
458,99.68
459,99.12
460,99.28
461,99.6
462,99.28
463,-100.52
464,99.48
465,98.72
466,99.68
467,99.8
468,97.88
469,99.32
470,99.8
471,99.56
472,98.52
473,99.48
474,99.68
475,99.64
476,99.8
477,99.68
478,99.68
479,99.4
480,99.44
481,-100.72
482,-100.44
483,99.56
484,99.68
485,99.84
486,99.84
487,99.4
488,99.36
489,99.68
490,98.44
491,99.6
492,99.84
493,-100.4
494,99.6
495,99.64
496,99.4
497,99.72
498,99.72
499,99.56
500,99.52
501,99.24
502,99.28
503,99.76
504,98.68
505,99.64
506,99.72
507,99.4
508,99.4
509,99.28
510,99.84
511,99.72
512,99.76
513,98.92
514,99.68
515,99.84
516,98.92
517,99.84
518,-100.36
519,99.72
520,99.64
521,99.52
522,99.6
523,99.68
524,99.56
525,98.92
526,-100.2
527,99.56
528,-100.2
529,98.76
530,99.6
531,99.68
532,99.6
533,99.76
534,99.8
535,99.72
536,99.44
537,99.56
538,99.8
539,99.72
540,-100.16
541,99.12
542,99.32
543,99.76
544,99.24
545,99.52
546,98.88
547,99.64
548,99.64
549,99.76
550,99.84
551,99.76
552,98.96
553,99.52
554,-100.4
555,99.32
556,99.44
557,-100.24
558,99.68
559,99.24
560,99.32
561,99.6
562,-100.16
563,99.32
564,99.72
565,99.08
566,99.4
567,99.68
568,-100.28
569,97.68
570,99.52
571,99.56
572,99.72
573,99.36
574,99.28
575,99.72
576,99.52
577,-100.68
578,-100.52
579,99.56
580,99.2
581,99.44
582,-100.6
583,98.92
584,99.76
585,-100.24
586,99.72
587,96.12
588,98.84
589,99.76
590,99.32
591,99.56
592,99.44
593,99.32
594,98.88
595,99.56
596,99.6
597,99.6
598,99.6
599,99.64
600,99.48
601,99.2
602,99.08
603,99.72
604,99.84
605,96.08
606,-100.2
607,99.76
608,-100.52
609,99.68
610,99.52
611,99.68
612,99.72
613,99.36
614,98.36
615,99.52
616,99.8
617,99.44
618,99.4
619,98.6
620,99.76
621,99.28
622,98.36
623,-100.8
624,99.64
625,99.2
626,98.52
627,99.84
628,-100.2
629,99.12
630,99.6
631,-100.52
632,99.76
633,-100.16
634,99.6
635,99.24
636,99.28
637,99.48
638,98.44
639,98.08
640,99.4
641,99.52
642,-100.72
643,99.76
644,99.72
645,99.8
646,99.76
647,99.52
648,-100.16
649,99.8
650,99.16
651,99.76
652,99.12
653,97.72
654,99.56
655,99.8
656,99.6
657,99.08
658,99.52
659,99.08
660,99.56
661,99.36
662,99.72
663,99.68
664,-100.36
665,98.52
666,98.76
667,99.64
668,99.56
669,99.2
670,-100.56
671,98.4
672,-100.96
673,99.36
674,99.36
675,99.2
676,99.8
677,-101.64
678,99.4
679,99.84
680,99.76
681,-100.2
682,99.48
683,99.68
684,98.92
685,99.6
686,99.48
687,99.52
688,99.44
689,-100.12
690,97.68
691,99.84
692,-100.64
693,99.76
694,99.08
695,98.68
696,99.64
697,99.6
698,98.6
699,99.76
700,98.12
701,99.36
702,99.76
703,99.4
704,-100.12
705,-100.48
706,99.6
707,99.68
708,98.4
709,99.52
710,99.56
711,-101.28
712,-100.56
713,-100.24
714,99.16
715,99.48
716,99.48
717,-101.12
718,99
719,-100.24
720,99.48
721,99.64
722,99.56
723,99.84
724,98.96
725,99.56
726,-100.64
727,99.76
728,99.6
729,98.92
730,99.36
731,99.56
732,-100.84
733,98.88
734,99.6
735,97.52
736,-100.16
737,99.44
738,99.72
739,99.76
740,98.96
741,99.6
742,99.04
743,98.92
744,99.32
745,98.68
746,99.6
747,-102.24
748,94.08
749,-100.48
750,99.6
751,99.24
752,99.12
753,99.2
754,99
755,98.88
756,98.72
757,99.72
758,98.88
759,99.44
760,97.64
761,98.16
762,-100.12
763,98.8
764,99.48
765,99.64
766,98.4
767,98.96
768,99.64
769,99.2
770,98.52
771,98.84
772,99.28
773,-100.92
774,-100.16
775,99.6
776,99.48
777,-100.64
778,99.52
779,99.28
780,98.84
781,99.76
782,99.64
783,99.16
784,99.68
785,99.68
786,99.84
787,-100.16
788,99.6
789,98.76
790,98.8
791,98.64
792,99.8
793,-100.48
794,99.52
795,99.68
796,98.64
797,99.44
798,99.64
799,98.8
800,-101.84
801,-100.56
802,-100.16
803,99.68
804,99.64
805,98.88
806,98.16
807,-100.36
808,99.12
809,-100.64
810,99.64
811,-100.68
812,-100.4
813,99.4
814,99.8
815,99.72
816,-100.24
817,99.4
818,99.28
819,99.8
820,99.76
821,99.84
822,98.96
823,98.64
824,99.56
825,99.16
826,99.68
827,-100.32
828,-101.12
829,99.56
830,-101.36
831,99.84
832,-100.12
833,98.92
834,-100.4
835,99.36
836,-100.8
837,99.64
838,98.96
839,99.48
840,96.16
841,99.6
842,99.48
843,99.68
844,99.56
845,99.04
846,99.72
847,98.84
848,99.36
849,99.6
850,98.12
851,99.64
852,99.68
853,99.64
854,99.76
855,99.8
856,99.04
857,99.84
858,-100.44
859,99.72
860,99.44
861,-100.24
862,99.36
863,99.76
864,99.52
865,99.76
866,99.44
867,99.32
868,99.52
869,99.84
870,99.8
871,99.52
872,99.6
873,99.48
874,99.6
875,98.92
876,-102.76
877,99.64
878,98.88
879,99.4
880,99.72
881,99.56
882,99.32
883,98.76
884,99.12
885,-100.6
886,99.32
887,99.68
888,99.72
889,99.08
890,99.8
891,98.92
892,99.76
893,99.64
894,-100.68
895,99.76
896,-101.12
897,96.52
898,-100.68
899,99.72
900,99.64
901,-100.4
902,99.64
903,-101.4
904,99.76
905,99.64
906,99.2
907,99.68
908,99.84
909,99.2
910,99.8
911,98.76
912,99.24
913,98.6
914,98.72
915,98.4
916,98.84
917,96.36
918,99.56
919,99.32
920,99.2
921,99.12
922,-100.72
923,99.76
924,99.32
925,99.76
926,99.12
927,99.68
928,99.04
929,-100.68
930,99
931,99.32
932,98.64
933,99.08
934,99.44
935,99.76
936,99.56
937,99.64
938,98.24
939,99.8
940,99.68
941,98.92
942,99.64
943,99.32
944,99.32
945,-100.16
946,99.56
947,-100.28
948,99.84
949,98.92
950,99.76
951,-101.44
952,-100.28
953,98.52
954,99.12
955,98.48
956,99.52
957,99.24
958,99.64
959,99.72
960,99.4
961,98.32
962,99.68
963,-100.12
964,99.76
965,99.12
966,99.6
967,99.4
968,99.8
969,-100.8
970,99.84
971,99.12
972,99.48
973,97.4
974,99.68
975,-100.72
976,99.32
977,99.48
978,98.84
979,-100.48
980,98.88
981,-102.64
982,-100.16
983,-100.24
984,99.24
985,99.32
986,99.28
987,97.84
988,99.76
989,99.48
990,99.08
991,98.96
992,99.64
993,99.68
994,98.44
995,98.84
996,98.2
997,99.72
998,99.8
999,99.72
1000,98.84
1001,99.84
1002,99.56
1003,99.68
1004,99.68
1005,98.8
1006,99.2
1007,99.08
1008,99.56
1009,-100.28
1010,97.56
1011,-100.28
1012,99.36
1013,99
1014,99.76
1015,99.44
1016,99.52
1017,99.08
1018,99.64
1019,99.84
1020,99.6
1021,99.64
1022,99.36
1023,99.8
1024,99.6
1025,99.72
1026,97.8
1027,99.6
1028,99.4
1029,-100.32
1030,99.68
1031,99.44
1032,99.36
1033,99.64
1034,99.12
1035,99.68
1036,99.56
1037,97.72
1038,99.72
1039,99.64
1040,97.48
1041,99.56
1042,-100.84
1043,99.24
1044,99.2
1045,99.64
1046,99.6
1047,99.84
1048,99.4
1049,98.72
1050,99.6
1051,-100.16
1052,99.48
1053,98.92
1054,99.76
1055,99.4
1056,-100.8
1057,98.6
1058,99.68
1059,99.68
1060,99.48
1061,99.24
1062,-100.44
1063,99.4
1064,99.24
1065,98.64
1066,99.48
1067,99.6
1068,99.64
1069,99.68
1070,-100.32
1071,99.36
1072,-100.4
1073,-100.64
1074,-100.52
1075,99.76
1076,99.68
1077,-100.32
1078,99.44
1079,-100.8
1080,99.16
1081,99.6
1082,99.72
1083,99.4
1084,98.8
1085,98.4
1086,99.4
1087,99.44
1088,98.68
1089,98.8
1090,99.6
1091,99.84
1092,99.68
1093,99.56
1094,99.84
1095,99.72
1096,99.6
1097,99.72
1098,99.24
1099,99.8
1100,99.84
1101,99.64
1102,99.68
1103,99.64
1104,99.68
1105,99.76
1106,-100.12
1107,99.72
1108,-100.48
1109,97.72
1110,99.52
1111,-100.6
1112,98.8
1113,99.44
1114,-100.2
1115,99.72
1116,98.8
1117,98.52
1118,99.84
1119,99.52
1120,99.72
1121,-100.12
1122,99.68
1123,98.8
1124,99.84
1125,99.76
1126,99.56
1127,99.76
1128,99.72
1129,99.84
1130,99.84
1131,99.8
1132,99.72
1133,99.76
1134,99.68
1135,-100.2
1136,-100.52
1137,99.64
1138,99.72
1139,-100.28
1140,99.6
1141,98.28
1142,99.52
1143,99.48
1144,98.6
1145,-100.32
1146,-101.28
1147,-100.92
1148,98.84
1149,99.76
1150,99.04
1151,98.36
1152,99.8
1153,-101.76
1154,-101.48
1155,99.04
1156,99.84
1157,99.52
1158,99.8
1159,99.68
1160,98.92
1161,99.28
1162,97
1163,-100.64
1164,98.6
1165,99.4
1166,98.44
1167,99.64
1168,99.8
1169,99.44
1170,99
1171,99.32
1172,99.2
1173,98.64
1174,99.64
1175,99.04
1176,99.76
1177,99.64
1178,99.76
1179,99.64
1180,99.56
1181,99.6
1182,99.84
1183,98.24
1184,99.04
1185,99.16
1186,99.52
1187,98.92
1188,99.36
1189,99.08
1190,-101.08
1191,99.8
1192,99.72
1193,98.16
1194,99.8
1195,99.76
1196,99.32
1197,99.72
1198,98.44
1199,-100.2
1200,99.4
1201,99.28
1202,-100.44
1203,99.84
1204,-100.12
1205,99.56
1206,99.48
1207,98.12
1208,99.76
1209,99.64
1210,99.52
1211,98.72
1212,99.76
1213,98.92
1214,99.68
1215,99.64
1216,99.56
1217,98.84
1218,99.6
1219,99.64
1220,99.48
1221,99.8
1222,98.84
1223,99.76
1224,99.76
1225,99
1226,99.76
1227,98.32
1228,99
1229,99.68
1230,-100.2
1231,99.72
1232,99.64
1233,99.6
1234,99.56
1235,98.88
1236,98.96
1237,99.56
1238,98.76
1239,97.32
1240,99.72
1241,99.8
1242,98.16
1243,-101.12
1244,99.32
1245,98.6
1246,99.6
1247,99
1248,-100.52
1249,99.08
1250,99.28
1251,98.76
1252,99.72
1253,99.76
1254,99.64
1255,99.6
1256,99.68
1257,99
1258,99.76
1259,98.64
1260,99.56
1261,99.6
1262,99.76
1263,-100.24
1264,99.36
1265,-100.64
1266,98.96
1267,99
1268,99.8
1269,99.72
1270,99.76
1271,98.84
1272,98.92
1273,99.84
1274,99.36
1275,99.76
1276,99.8
1277,99.6
1278,99.52
1279,99.72
1280,99.56
1281,99.52
1282,99.28
1283,99.08
1284,99.76
1285,98.36
1286,99.4
1287,99.28
1288,99.04
1289,99.52
1290,-100.76
1291,99.84
1292,99.36
1293,-100.24
1294,99.52
1295,99.56
1296,99.6
1297,99.72
1298,99.52
1299,99.6
1300,97.96
1301,-100.32
1302,-101.28
1303,99.72
1304,99.52
1305,99.08
1306,99.52
1307,99.6
1308,99
1309,99.72
1310,99.52
1311,99.72
1312,98.96
1313,99.84
1314,99.68
1315,-100.24
1316,99.44
1317,99.8
1318,99.28
1319,99.68
1320,99.2
1321,99.8
1322,99.2
1323,99.4
1324,99.16
1325,99.2
1326,99.76
1327,99.8
1328,-101.36
1329,99.76
1330,99.2
1331,99.84
1332,-101.76
1333,99.32
1334,99.76
1335,99.08
1336,99.48
1337,99.76
1338,99.68
1339,98.68
1340,-100.12
1341,99.04
1342,99.44
1343,99.56
1344,99.04
1345,99.56
1346,99.72
1347,99.84
1348,99.6
1349,98.68
1350,99.8
1351,99.76
1352,99.84
1353,99.68
1354,99.84
1355,99.76
1356,99.84
1357,-100.24
1358,98.68
1359,-100.28
1360,-101.64
1361,99.2
1362,99.64
1363,99.6
1364,99.76
1365,99.52
1366,96.04
1367,99.4
1368,99.04
1369,99.64
1370,-100.32
1371,99
1372,99.76
1373,-100.24
1374,98.64
1375,99.68
1376,98.36
1377,-101.04
1378,99.68
1379,99.48
1380,99.36
1381,98.08
1382,99.48
1383,99.68
1384,99.28
1385,99.16
1386,98.32
1387,99
1388,99.28
1389,98.68
1390,-100.12
1391,99.84
1392,99.68
1393,99.76
1394,99.76
1395,99.56
1396,-100.56
1397,98.92
1398,99.68
1399,99.8
1400,97.08
1401,99.68
1402,99.76
1403,99.24
1404,97.68
1405,99.64
1406,99.56
1407,99.36
1408,99.48
1409,98.88
1410,99.4
1411,99.6
1412,99.4
1413,98.52
1414,99
1415,99.8
1416,98.56
1417,99.48
1418,99.48
1419,99.64
1420,99.08
1421,99.16
1422,99.28
1423,99.68
1424,98.88
1425,-100.48
1426,-100.44
1427,-100.48
1428,99.8
1429,-100.32
1430,99.44
1431,99.08
1432,99.76
1433,99.76
1434,98.64
1435,98.76
1436,99.24
1437,99.04
1438,99.04
1439,99.44
1440,99.56
1441,99.72
1442,99.8
1443,-100.48
1444,99.52
1445,99.72
1446,99.64
1447,99.48
1448,99.72
1449,98.64
1450,98.84
1451,99.52
1452,99.32
1453,-100.2
1454,99.72
1455,98.36
1456,99.56
1457,98.08
1458,99.72
1459,98.36
1460,98.84
1461,99.28
1462,99.64
1463,99.48
1464,99.24
1465,99.12
1466,99.72
1467,99.4
1468,99.72
1469,99.6
1470,99.84
1471,99.72
1472,99.48
1473,99.8
1474,-101.44
1475,-101.04
1476,99.52
1477,98.16
1478,99.24
1479,99.36
1480,98.96
1481,97.36
1482,99.52
1483,-100.24
1484,99.24
1485,99.4
1486,98.88
1487,-100.28
1488,97.72
1489,99.52
1490,98.04
1491,99.08
1492,99.04
1493,-100.76
1494,-102.16
1495,99.4
1496,99.76
1497,99.24
1498,99.48
1499,98.76
1500,-100.2
1501,99.04
1502,96.48
1503,99.04
1504,-101.88
1505,99.24
1506,99.36
1507,99.68
1508,-101
1509,-100.84
1510,94.32
1511,-100.56
1512,97.32
1513,95.2
1514,98.28
1515,99.8
1516,99.64
1517,-100.56
1518,-100.36
1519,99.4
1520,99.48
1521,99.8
1522,98.36
1523,-100.64
1524,98.56
1525,99.72
1526,99.4
1527,99.68
1528,99.68
1529,99.48
1530,99
1531,99.52
1532,99.72
1533,99.44
1534,99.24
1535,99.04
1536,99.84
1537,99.16
1538,99.8
1539,99.84
1540,-100.28
1541,-100.28
1542,99.68
1543,99.72
1544,99
1545,99.32
1546,99.48
1547,98.56
1548,99.28
1549,99.44
1550,98.28
1551,99.8
1552,99.68
1553,99.72
1554,99.8
1555,99.72
1556,98.92
1557,99.56
1558,99.2
1559,99.44
1560,96.56
1561,99.08
1562,99.2
1563,99.32
1564,99.72
1565,99.72
1566,99.36
1567,97.6
1568,99.68
1569,99.32
1570,99.56
1571,99.28
1572,98.8
1573,99.84
1574,-101.04
1575,99.72
1576,99.28
1577,99.4
1578,99.76
1579,-100.48
1580,99.8
1581,99.6
1582,99.16
1583,99.48
1584,-100.88
1585,99.56
1586,97.84
1587,99.6
1588,99.08
1589,-100.4
1590,98.72
1591,99.28
1592,99.56
1593,-101.8
1594,98.48
1595,-105.68
1596,99.32
1597,98.56
1598,99.32
1599,98.24
1600,-102.2
1601,99.48
1602,99.48
1603,-100.12
1604,-101.52
1605,99.44
1606,99.6
1607,96.92
1608,99.32
1609,99.72
1610,-101.44
1611,98.36
1612,99.04
1613,99.64
1614,97.32
1615,-100.56
1616,99.6
1617,99
1618,99.6
1619,99.68
1620,99.52
1621,98.88
1622,99.84
1623,99
1624,-102.56
1625,99.68
1626,99.4
1627,-100.16
1628,-100.16
1629,99.76
1630,99.16
1631,99.52
1632,-100.6
1633,98.76
1634,98.84
1635,99.68
1636,98.92
1637,-100.72
1638,99.24
1639,99.24
1640,99.4
1641,99.4
1642,-100.24
1643,99.44
1644,99.6
1645,98.76
1646,99.72
1647,99.76
1648,99.52
1649,99.76
1650,99.16
1651,99.76
1652,99.84
1653,99.84
1654,99
1655,99.76
1656,-100.12
1657,99.84
1658,99.8
1659,99.56
1660,99.48
1661,99.84
1662,99.64
1663,98.6
1664,99.84
1665,99.68
1666,99.44
1667,-100.2
1668,99.64
1669,99.04
1670,99.76
1671,99.28
1672,-100.28
1673,-100.52
1674,99.72
1675,99.08
1676,99.76
1677,98
1678,99.56
1679,99.52
1680,99.24
1681,99.44
1682,-100.64
1683,99.4
1684,99.76
1685,99.8
1686,99.64
1687,99.84
1688,99.52
1689,99.68
1690,99.48
1691,99.64
1692,99.56
1693,-100.28
1694,99.72
1695,98.04
1696,98.68
1697,99.76
1698,99.72
1699,99.72
1700,99.84
1701,-100.52
1702,-100.76
1703,98.68
1704,98.32
1705,99.76
1706,99.36
1707,99.8
1708,99.72
1709,99.84
1710,99.68
1711,99.84
1712,99.84
1713,99.76
1714,99.84
1715,99.72
1716,99.76
1717,99.72
1718,99.84
1719,99.8
1720,99.8
1721,99.8
1722,99.72
1723,99.8
1724,99.84
1725,99.76
1726,99.8
1727,99.76
1728,-100.16
1729,99.56
1730,99.36
1731,99.6
1732,98.72
1733,99.56
1734,99.4
1735,-100.4
1736,98.08
1737,99.48
1738,99.8
1739,99.36
1740,99.24
1741,99.16
1742,-100.64
1743,99.08
1744,-100.28
1745,98.96
1746,99.44
1747,99.16
1748,-100.4
1749,98.6
1750,98.12
1751,99.84
1752,99.48
1753,99.76
1754,99.72
1755,99
1756,99.64
1757,99.44
1758,99.56
1759,99.24
1760,99.76
1761,-101
1762,99.48
1763,-100.92
1764,99.52
1765,-102
1766,98.92
1767,99.52
1768,99.72
1769,99.8
1770,98.76
1771,97.64
1772,99.6
1773,98
1774,98.8
1775,99.08
1776,99.8
1777,99.68
1778,99.76
1779,99.84
1780,99.64
1781,99.84
1782,99.76
1783,99.52
1784,-100.44
1785,99.72
1786,99.36
1787,98.88
1788,98.6
1789,99.52
1790,98.52
1791,98.64
1792,98.32
1793,99.08
1794,99.52
1795,99.76
1796,98.76
1797,-101.72
1798,-100.28
1799,-100.6
1800,-102.2
1801,98.36
1802,99.4
1803,99.68
1804,99
1805,97.56
1806,98.76
1807,99.28
1808,99.12
1809,99.84
1810,98.76
1811,99.64
1812,98.68
1813,-100.44
1814,-100.28
1815,99.04
1816,98.8
1817,-100.2
1818,-100.44
1819,99.64
1820,99.32
1821,99.48
1822,99.64
1823,99.56
1824,-100.28
1825,99.44
1826,99.4
1827,99.84
1828,99.76
1829,-100.48
1830,99.44
1831,99.28
1832,99.4
1833,99.8
1834,99.4
1835,99.76
1836,99.56
1837,99.64
1838,99.16
1839,99.64
1840,99.76
1841,99.56
1842,98.08
1843,99.24
1844,99.44
1845,99.84
1846,99.08
1847,99.44
1848,99.64
1849,-100.36
1850,99.44
1851,98.48
1852,-100.96
1853,98.68
1854,99.68
1855,-100.44
1856,-100.16
1857,99.56
1858,98.4
1859,97.96
1860,99.84
1861,99.32
1862,99.8
1863,99.52
1864,99.84
1865,99.84
1866,99.56
1867,99.52
1868,99.72
1869,99.04
1870,98.76
1871,99.44
1872,99.28
1873,-100.64
1874,98.64
1875,99.52
1876,99.72
1877,-100.24
1878,97.68
1879,99.48
1880,99.8
1881,-100.2
1882,99.6
1883,99.6
1884,98.48
1885,99.64
1886,99.48
1887,99.8
1888,99.76
1889,99.56
1890,-101.64
1891,99.68
1892,96.84
1893,99.28
1894,-102.16
1895,99.28
1896,99.2
1897,-100.84
1898,99.64
1899,99.32
1900,-100.16
1901,97.92
1902,99.6
1903,99.72
1904,-100.84
1905,99.52
1906,98.64
1907,99.6
1908,99.6
1909,-100.52
1910,99.72
1911,99.76
1912,99.84
1913,99.56
1914,99.68
1915,98.4
1916,99.48
1917,99.32
1918,99.76
1919,99.28
1920,-100.4
1921,98.96
1922,-103
1923,99.48
1924,99.76
1925,99.6
1926,99.8
1927,-100.16
1928,99.16
1929,97.96
1930,99.08
1931,99.44
1932,99.2
1933,99
1934,99.76
1935,99.16
1936,99.56
1937,99.32
1938,-100.24
1939,99.28
1940,99.76
1941,99.68
1942,97.8
1943,99.8
1944,99.72
1945,99.76
1946,99.44
1947,99.52
1948,99.32
1949,99.68
1950,99.16
1951,99.8
1952,-100.12
1953,-100.48
1954,99.76
1955,99.76
1956,-101.24
1957,99.68
1958,99.12
1959,-102.96
1960,98.92
1961,99.84
1962,99.44
1963,98.48
1964,99.52
1965,99.68
1966,-100.24
1967,99.6
1968,99.72
1969,99.48
1970,99.76
1971,98.12
1972,98.88
1973,99.84
1974,99.48
1975,99.36
1976,99
1977,99.68
1978,99.4
1979,99.8
1980,99.72
1981,-100.84
1982,98
1983,-100.2
1984,-101.12
1985,98.12
1986,-100.6
1987,97.92
1988,99.32
1989,95.56
1990,99.64
1991,99.44
1992,99.68
1993,99.76
1994,99.52
1995,99
1996,99.28
1997,98.56
1998,99.68
1999,99.24
2000,99.84
2001,99.56
2002,98.88
2003,-101.12
2004,99.48
2005,98.32
2006,98.64
2007,99.72
2008,99.36
2009,99.44
2010,99.24
2011,99.24
2012,99.28
2013,99.8
2014,98.64
2015,99.6
2016,98.88
2017,99.68
2018,99.56
2019,-101.24
2020,99.84
2021,99.72
2022,99.36
2023,99.8
2024,99.12
2025,-100.12
2026,99.64
2027,99.36
2028,98.32
2029,99
2030,98.24
2031,99.2
2032,99.56
2033,99.68
2034,99.84
2035,99.44
2036,99.44
2037,99.84
2038,-100.12
2039,98.68
2040,98.12
2041,98.64
2042,-100.24
2043,-101.16
2044,99.52
2045,98.96
2046,99.4
2047,99.44
2048,99.6
2049,96.64
2050,-100.2
2051,99
2052,99.08
2053,99.52
2054,-100.4
2055,98.24
2056,99.76
2057,-101.24
2058,99.52
2059,99.64
2060,99.08
2061,99.64
2062,99.68
2063,98.6
2064,99.52
2065,99.72
2066,99.72
2067,99.24
2068,-100.36
2069,99.08
2070,99.56
2071,99.56
2072,99.76
2073,99.64
2074,98.32
2075,-100.6
2076,99.56
2077,99.36
2078,99.04
2079,98.72
2080,99.4
2081,-101.04
2082,-100.64
2083,99.4
2084,99.68
2085,-100.12
2086,99.68
2087,99.8
2088,98.8
2089,98.88
2090,99.2
2091,98.24
2092,99.8
2093,99.4
2094,99.32
2095,-100.56
2096,99.72
2097,99.6
2098,99.24
2099,-102.84
2100,99.84
2101,99.68
2102,99.64
2103,99
2104,99.84
2105,99.6
2106,-100.36
2107,99.36
2108,99.4
2109,99.76
2110,99.48
2111,98.44
2112,99.72
2113,-100.32
2114,99
2115,-100.32
2116,99.8
2117,96.92
2118,99.28
2119,98.6
2120,99.68
2121,99.8
2122,99.52
2123,99.12
2124,99.84
2125,99.56
2126,99.84
2127,99.64
2128,99.4
2129,99.48
2130,99.64
2131,99.4
2132,99.4
2133,99.44
2134,99.64
2135,99.4
2136,99.8
2137,-100.16
2138,99.84
2139,99.16
2140,99.76
2141,99.36
2142,99.36
2143,98.4
2144,98.76
2145,98.96
2146,99.68
2147,98.8
2148,99.52
2149,99.56
2150,99.72
2151,99.56
2152,99.84
2153,-100.2
2154,99.68
2155,99.8
2156,99.64
2157,99.64
2158,98.72
2159,-100.52
2160,99.36
2161,99.56
2162,-100.4
2163,98.6
2164,99.76
2165,99.52
2166,99.6
2167,98.4
2168,99.32
2169,98.92
2170,-100.32
2171,99.36
2172,-101.32
2173,98.84
2174,99.84
2175,98.92
2176,-100.72
2177,99.76
2178,99.04
2179,99.64
2180,99.68
2181,99.76
2182,-100.2
2183,98.64
2184,98.2
2185,98.12
2186,99.56
2187,99.2
2188,99.8
2189,99.8
2190,99.52
2191,-100.6
2192,99.04
2193,-100.4
2194,99.24
2195,97.64
2196,98.44
2197,99.12
2198,99.24
2199,99.68
2200,-100.64
2201,98.48
2202,-100.48
2203,99.44
2204,98.92
2205,99.84
2206,-100.76
2207,-100.2
2208,99.76
2209,99.4
2210,99.76
2211,97.96
2212,99.36
2213,99.84
2214,99.32
2215,-100.76
2216,99.28
2217,99.44
2218,99.76
2219,99.84
2220,99.64
2221,99.56
2222,99.36
2223,99.52
2224,97.84
2225,-100.56
2226,99.6
2227,98.72
2228,98
2229,99.84
2230,99.72
2231,99.32
2232,99.52
2233,97.44
2234,98.92
2235,99.76
2236,99.44
2237,-100.48
2238,98.44
2239,99.32
2240,99.6
2241,98.4
2242,99.32
2243,99.64
2244,99.64
2245,-100.28
2246,97.8
2247,99.56
2248,99.28
2249,-100.36
2250,99.68
2251,99.76
2252,99.44
2253,99.76
2254,99.36
2255,99.8
2256,99.72
2257,99.04
2258,99.8
2259,99.44
2260,99.16
2261,99.36
2262,99.72
2263,99.52
2264,99.52
2265,99.52
2266,99.16
2267,99.76
2268,99.64
2269,99.64
2270,99.16
2271,99.6
2272,99.44
2273,98.52
2274,99.52
2275,-100.8
2276,99.52
2277,99.84
2278,-100.28
2279,99.52
2280,99.76
2281,99.2
2282,99.64
2283,99.68
2284,99.28
2285,99.52
2286,98.52
2287,99.72
2288,99.72
2289,99.84
2290,-100.16
2291,99.84
2292,98.96
2293,99
2294,99.52
2295,99.48
2296,99.64
2297,99.08
2298,99.28
2299,99.32
2300,98.92
2301,99.52
2302,99.8
2303,99.6
2304,99.72
2305,99.68
2306,-100.12
2307,99.6
2308,99.6
2309,99.16
2310,99.32
2311,98.12
2312,99.12
2313,99
2314,-100.36
2315,-100.32
2316,99.6
2317,98.24
2318,99.8
2319,99.72
2320,99.28
2321,99.36
2322,99.8
2323,99.68
2324,98.24
2325,99.8
2326,97.8
2327,99.52
2328,-100.12
2329,98.84
2330,99.64
2331,98.88
2332,99.6
2333,99.84
2334,-101.12
2335,-100.28
2336,-100.68
2337,-100.24
2338,99.4
2339,99.72
2340,99.72
2341,99.44
2342,99.76
2343,99.32
2344,99.64
2345,99.76
2346,99.56
2347,99.8
2348,97.48
2349,99.56
2350,97.4
2351,99.52
2352,99.56
2353,99.72
2354,98.92
2355,99.12
2356,99.44
2357,99.64
2358,99.32
2359,99.8
2360,99.48
2361,99.44
2362,99.2
2363,99.48
2364,99.32
2365,99.36
2366,99.52
2367,99.68
2368,-100.64
2369,99.28
2370,-100.12
2371,99.8
2372,99.36
2373,99.24
2374,99.6
2375,99.8
2376,99.6
2377,-101
2378,99.56
2379,99.52
2380,99.2
2381,99.64
2382,97.68
2383,-100.2
2384,98.68
2385,99.68
2386,99.28
2387,99.16
2388,99.68
2389,97.64
2390,99.56
2391,99.68
2392,98.16
2393,99.6
2394,98.92
2395,99.56
2396,99.76
2397,-100.8
2398,99.8
2399,99.76
2400,99.44
2401,99.44
2402,99.52
2403,99.84
2404,99.52
2405,99.48
2406,97.72
2407,99.56
2408,99.8
2409,-100.2
2410,-100.56
2411,98.72
2412,98.16
2413,99.36
2414,99.76
2415,99.76
2416,-100.52
2417,99.32
2418,99.48
2419,99.68
2420,-100.16
2421,99.2
2422,99.76
2423,99.04
2424,98.84
2425,99.44
2426,99.76
2427,99.68
2428,99.36
2429,99.8
2430,99.6
2431,-100.48
2432,99.4
2433,-100.48
2434,99.6
2435,97.56
2436,99.64
2437,99.76
2438,99.84
2439,-100.88
2440,99.72
2441,99.6
2442,99.76
2443,99.76
2444,99.72
2445,99.72
2446,99.64
2447,97.08
2448,99.32
2449,99.56
2450,99.44
2451,99.16
2452,-100.24
2453,99.28
2454,99.76
2455,98.96
2456,99.32
2457,99.12
2458,99.8
2459,99.8
2460,99.48
2461,99.52
2462,98.44
2463,97.72
2464,99.48
2465,99.64
2466,98.76
2467,98.4
2468,-100.6
2469,99.52
2470,-100.88
2471,-100.32
2472,-101.04
2473,99.68
2474,99.64
2475,99.64
2476,99.12
2477,99.44
2478,-100.8
2479,99.24
2480,99.24
2481,99.84
2482,98.64
2483,-100.96
2484,97.44
2485,98.24
2486,99.68
2487,99.84
2488,99.24
2489,99.24
2490,99.8
2491,99.48
2492,99.44
2493,97.64
2494,99.2
2495,98.64
2496,98.28
2497,-101.84
2498,99.6
2499,98.12
2500,99.8
2501,99.52
2502,99.84
2503,99
2504,99.64
2505,99.72
2506,99
2507,99.84
2508,99.8
2509,99.52
2510,98.32
2511,98.52
2512,98.64
2513,99.76
2514,99.76
2515,99.6
2516,99.32
2517,99.56
2518,99.04
2519,99.8
2520,99.6
2521,-100.56
2522,99.28
2523,99.2
2524,98.76
2525,99
2526,-100.28
2527,99.4
2528,99.64
2529,-100.28
2530,-100.24
2531,98.16
2532,-100.4
2533,-100.12
2534,99.64
2535,-100.32
2536,99.4
2537,99.8
2538,99.68
2539,99.36
2540,99.64
2541,-100.32
2542,99.84
2543,99.6
2544,99.44
2545,99.24
2546,99.12
2547,98.56
2548,99.68
2549,99.76
2550,99.84
2551,99.68
2552,-100.8
2553,-101.28
2554,99.84
2555,99.6
2556,99.6
2557,99.6
2558,99
2559,99.48
2560,99.52
2561,99.16
2562,99.72
2563,98.68
2564,99.2
2565,99.6
2566,98.76
2567,99.84
2568,99.24
2569,-100.28
2570,99.84
2571,99.48
2572,98.88
2573,-100.52
2574,99.4
2575,99.2
2576,98.56
2577,99.68
2578,98.36
2579,98.56
2580,96.44
2581,99.6
2582,-100.36
2583,99.76
2584,99.16
2585,99.56
2586,99.56
2587,99.64
2588,99.52
2589,98.44
2590,99.68
2591,99.72
2592,99.4
2593,99.24
2594,-100.24
2595,99.64
2596,-100.16
2597,98.64
2598,98.88
2599,99.84
2600,-100.56
2601,98.36
2602,99.04
2603,99.8
2604,98.6
2605,98.64
2606,99.48
2607,97.12
2608,99.4
2609,99.72
2610,99.64
2611,99.52
2612,99.16
2613,99.56
2614,-100.28
2615,98.12
2616,99.28
2617,99.64
2618,99.04
2619,-100.96
2620,-100.2
2621,99.36
2622,98.12
2623,-100.28
2624,-107.04
2625,98.84
2626,96.56
2627,96.92
2628,99.56
2629,99.4
2630,98.8
2631,98.48
2632,99.56
2633,-100.52
2634,98.48
2635,99.12
2636,99.28
2637,99.76
2638,98.44
2639,-100.2
2640,99.68
2641,99.84
2642,99.84
2643,99.84
2644,98.64
2645,99.68
2646,99.44
2647,99.6
2648,99.2
2649,99.44
2650,99.44
2651,97.52
2652,97.88
2653,99.8
2654,99.44
2655,99.72
2656,99.64
2657,99.28
2658,99.08
2659,99.76
2660,98.72
2661,99.76
2662,99
2663,99.52
2664,99.68
2665,99.44
2666,99.6
2667,99.76
2668,99.68
2669,99.4
2670,99.44
2671,99.72
2672,99.76
2673,99.72
2674,98.28
2675,-100.8
2676,-101.6
2677,98.32
2678,99.84
2679,99.76
2680,99.84
2681,99.76
2682,99.84
2683,-100.12
2684,99.44
2685,99.52
2686,99.8
2687,99.8
2688,99.48
2689,99.28
2690,-100.16
2691,98.28
2692,99.52
2693,99.64
2694,99.76
2695,99.12
2696,99.76
2697,99.24
2698,99.52
2699,99.68
2700,99.76
2701,99.76
2702,98.76
2703,99.12
2704,99.68
2705,99.76
2706,-100.6
2707,99.8
2708,98.8
2709,99.72
2710,99.72
2711,99.72
2712,99.76
2713,99.68
2714,99.32
2715,99.84
2716,99.76
2717,99.8
2718,99.44
2719,99.76
2720,99.56
2721,99.16
2722,99.28
2723,98.12
2724,99.6
2725,99.8
2726,99.6
2727,99.44
2728,99.2
2729,-101.68
2730,99.64
2731,99.8
2732,99.36
2733,98.52
2734,99.68
2735,99.44
2736,99.52
2737,99.24
2738,99.6
2739,97.88
2740,99.76
2741,99.48
2742,98.72
2743,99.04
2744,-100.48
2745,99.6
2746,99.68
2747,98.88
2748,99.64
2749,99.48
2750,98.24
2751,-100.16
2752,98.56
2753,99.6
2754,99.76
2755,99.44
2756,99.2
2757,-100.12
2758,99.6
2759,99.84
2760,-101.2
2761,99.56
2762,99.8
2763,99.8
2764,99.6
2765,98.92
2766,99.28
2767,99.52
2768,99.76
2769,-100.16
2770,99.6
2771,-100.24
2772,99.44
2773,-100.16
2774,-100.28
2775,99.4
2776,-100.72
2777,99.12
2778,98.96
2779,99.84
2780,99.8
2781,99.4
2782,99.12
2783,99.8
2784,99.32
2785,99.72
2786,99.52
2787,99.72
2788,99.76
2789,99.64
2790,-100.64
2791,-101.6
2792,99.8
2793,99.64
2794,98.92
2795,99.8
2796,99.44
2797,99.8
2798,99.76
2799,99.72
2800,-100.36
2801,99.44
2802,99.36
2803,99.84
2804,-101
2805,99.68
2806,99.64
2807,99.04
2808,-100.48
2809,-100.44
2810,99.04
2811,99.72
2812,99.8
2813,-101.24
2814,-100.52
2815,99.36
2816,99.76
2817,99.84
2818,99.72
2819,99.84
2820,99.84
2821,99.76
2822,-100.36
2823,99.6
2824,-100.12
2825,98.92
2826,99.52
2827,99.4
2828,99.36
2829,99.6
2830,98.84
2831,99.24
2832,98.24
2833,99.12
2834,99.64
2835,99.32
2836,99.44
2837,99.2
2838,99.84
2839,99.68
2840,97.88
2841,98.84
2842,99.6
2843,99.84
2844,98.28
2845,99.16
2846,99.8
2847,99.72
2848,99.84
2849,95.68
2850,99.84
2851,99.84
2852,99.84
2853,99.76
2854,99.8
2855,99.52
2856,99.72
2857,99.76
2858,99.76
2859,99.8
2860,99.76
2861,99.76
2862,99.76
2863,99
2864,-100.16
2865,99.48
2866,99.48
2867,99.84
2868,99.36
2869,99.2
2870,-100.4
2871,99.64
2872,99.48
2873,99.6
2874,99.76
2875,99.72
2876,99.28
2877,99.36
2878,99.24
2879,99.28
2880,99.24
2881,99.52
2882,99.8
2883,99.6
2884,99.48
2885,99.52
2886,99.24
2887,99.32
2888,-100.28
2889,99.48
2890,-100.36
2891,99.28
2892,99.04
2893,99.12
2894,98.8
2895,-100.4
2896,-100.12
2897,99.6
2898,98.88
2899,99.12
2900,99.72
2901,99.64
2902,99.68
2903,98.8
2904,99.64
2905,98.96
2906,99.08
2907,99.48
2908,99.56
2909,99.84
2910,98.8
2911,99.76
2912,99.68
2913,99.52
2914,99.56
2915,97.04
2916,-101.6
2917,-100.32
2918,99.56
2919,99.64
2920,99.08
2921,98.4
2922,98.56
2923,99.36
2924,98.6
2925,99.56
2926,99.76
2927,98.28
2928,99.28
2929,99.36
2930,-100.56
2931,99.64
2932,99.52
2933,99.2
2934,99.64
2935,99.68
2936,99.68
2937,99.32
2938,-100.24
2939,-100.32
2940,-100.28
2941,99.76
2942,99.8
2943,98.24
2944,99.72
2945,99.68
2946,99.72
2947,99.76
2948,-100.52
2949,99.8
2950,-101.12
2951,99.68
2952,99.56
2953,99.76
2954,99.6
2955,99.56
2956,99.48
2957,98.72
2958,99.2
2959,98.16
2960,99.84
2961,99.6
2962,99.36
2963,99.64
2964,99.68
2965,99.8
2966,99.08
2967,99.48
2968,99.32
2969,-100.96
2970,99.56
2971,-100.72
2972,99.68
2973,99.6
2974,99.8
2975,99.44
2976,99.48
2977,99.84
2978,99.6
2979,99.64
2980,99.72
2981,99.36
2982,99.44
2983,99.28
2984,99.16
2985,99.08
2986,99.8
2987,-100.2
2988,98.92
2989,98.44
2990,99
2991,99.68
2992,99.32
2993,99.52
2994,99.56
2995,99.56
2996,98.72
2997,99.76
2998,99.48
2999,-100.4
