0,-155
1,-117
2,-100
3,-426
4,-131
5,-119
6,-185
7,-102
8,-160
9,-101
10,-181
11,-219
12,-275
13,-107
14,-113
15,-340
16,-114
17,-61
18,-168
19,-79
20,-25
21,-110
22,-105
23,-138
24,-36
25,-113
26,-64
27,-75
28,-133
29,-35
30,-120
31,-76
32,-221
33,-150
34,-164
35,-224
36,-116
37,-165
38,-176
39,-64
40,-195
41,-103
42,-113
43,-204
44,-116
45,-191
46,-114
47,-135
48,-106
49,-135
50,-138
51,-181
52,-117
53,-312
54,-160
55,-102
56,-135
57,-187
58,-147
59,-102
60,-232
61,-322
62,-178
63,-71
64,-114
65,-203
66,-150
67,-154
68,-82
69,-100
70,-216
71,-162
72,-293
73,-329
74,-126
75,-177
76,-70
77,-89
78,-166
79,-180
80,-97
81,-128
82,-144
83,-90
84,-206
85,-600
86,-124
87,-74
88,-100
89,-146
90,-92
91,-261
92,-147
93,-141
94,-69
95,-131
96,-92
97,-220
98,-222
99,-193
100,-49
101,-74
102,-46
103,-39
104,-153
105,-43
106,-52
107,-115
108,-102
109,-82
110,-118
111,-142
112,-108
113,-63
114,-87
115,-62
116,-110
117,-156
118,-57
119,-52
120,-47
121,-100
122,-70
123,-104
124,-87
125,-191
126,-82
127,-54
128,-121
129,-55
130,-118
131,-66
132,-23
133,-57
134,-156
135,-221
136,-46
137,-100
138,-52
139,-42
140,-70
141,-101
142,-105
143,-37
144,-27
145,-25
146,-70
147,-144
148,-86
149,-49
150,-38
151,-106
152,-39
153,-100
154,-102
155,-64
156,-115
157,-42
158,-23
159,-82
160,-74
161,-62
162,-98
163,-31
164,-63
165,-51
166,-109
167,-101
168,-102
169,-134
170,-74
171,-120
172,-58
173,-62
174,-60
175,-73
176,-58
177,-100
178,-54
179,-68
180,-59
181,-27
182,-103
183,-72
184,-34
185,-132
186,-38
187,-133
188,-121
189,-77
190,-63
191,-63
192,-25
193,-100
194,-83
195,-26
196,-34
197,-103
198,-116
199,-52
200,-64
201,-54
202,-41
203,-121
204,-36
205,-100
206,-50
207,-74
208,-132
209,-54
210,-93
211,-82
212,-50
213,-36
214,-37
215,-51
216,-45
217,-24
218,-107
219,-34
220,-184
221,-55
222,-59
223,-38
224,-36
225,-118
226,-76
227,-110
228,-26
229,-37
230,-59
231,-93
232,-26
233,-59
234,-31
235,-32
236,-32
237,-53
238,-46
239,-118
240,-21
241,-37
242,-52
243,-37
244,-31
245,-24
246,-31
247,-28
248,-151
249,-21
250,-26
251,-53
252,-100
253,-45
254,-34
255,-34
256,-21
257,-104
258,-26
259,-40
260,-70
261,-30
262,-100
263,-28
264,-29
265,-43
266,-31
267,-141
268,-25
269,-43
270,-43
271,-30
272,-39
273,-44
274,-28
275,-100
276,-100
277,-50
278,-38
279,-35
280,-48
281,-60
282,-43
283,-35
284,-41
285,-50
286,-36
287,-23
288,-110
289,-53
290,-122
291,-43
292,-35
293,-25
294,-32
295,-33
296,-100
297,-19
298,-26
299,-20
300,-34
301,-101
302,-34
303,-100
304,-52
305,-102
306,-20
307,-101
308,-105
309,-122
310,-58
311,-30
312,-47
313,-33
314,-37
315,-39
316,-114
317,-23
318,-42
319,-48
320,-40
321,-28
322,-35
323,-116
324,-103
325,-18
326,-37
327,-37
328,-33
329,-100
330,-28
331,-100
332,-103
333,-50
334,-22
335,-25
336,-31
337,-100
338,-26
339,-106
340,-37
341,-35
342,-15
343,-28
344,-48
345,-31
346,-21
347,-26
348,-60
349,-26
350,-25
351,-56
352,-31
353,-51
354,-23
355,-109
356,-111
357,-38
358,-34
359,-49
360,-48
361,-43
362,-41
363,-37
364,-43
365,-44
366,-31
367,-103
368,-15
369,-41
370,-35
371,-38
372,-108
373,-32
374,-33
375,-27
376,-30
377,-22
378,-24
379,-31
380,-35
381,-18
382,-27
383,-51
384,-33
385,-26
386,-19
387,-29
388,-30
389,-21
390,-27
391,-24
392,-26
393,-18
394,-27
395,-27
396,-116
397,-109
398,-18
399,-34
400,-20
401,-29
402,-32
403,-35
404,-24
405,-25
406,-34
407,-31
408,-20
409,-125
410,-47
411,-26
412,-17
413,-26
414,-20
415,-22
416,-18
417,-26
418,-21
419,-20
420,-25
421,-23
422,-31
423,-25
424,-26
425,-17
426,-25
427,-25
428,-28
429,-19
430,-21
431,-106
432,-35
433,-40
434,-22
435,-100
436,-21
437,-17
438,-19
439,-26
440,-23
441,-27
442,-21
443,-28
444,-18
445,-26
446,-19
447,-31
448,-29
449,-55
450,-38
451,-15
452,-24
453,-25
454,-27
455,-100
456,-36
457,-52
458,-109
459,-100
460,-23
461,-24
462,-33
463,-21
464,-18
465,-20
466,-21
467,-20
468,-22
469,-21
470,-22
471,-105
472,-21
473,-23
474,-25
475,-15
476,-16
477,-20
478,-31
479,-29
480,-22
481,-19
482,-18
483,-22
484,-18
485,-23
486,-15
487,-22
488,-100
489,-17
490,-32
491,-23
492,-100
493,-100
494,-22
495,-42
496,-19
497,-24
498,-16
499,-33
500,-41
501,-28
502,-24
503,-29
504,-25
505,-28
506,-24
507,-44
508,-102
509,-30
510,-30
511,-103
512,-26
513,-30
514,-32
515,-22
516,-21
517,-25
518,-114
519,-24
520,-24
521,-38
522,-119
523,-35
524,-43
525,-29
526,-27
527,-23
528,-35
529,-33
530,-24
531,-36
532,-27
533,-34
534,-33
535,-19
536,-34
537,-28
538,-100
539,-24
540,-38
541,-28
542,-17
543,-28
544,-21
545,-113
546,-36
547,-37
548,-29
549,-21
550,-101
551,-21
552,-105
553,-20
554,-30
555,-25
556,-46
557,-33
558,-17
559,-33
560,-41
561,-19
562,-47
563,-32
564,-18
565,-33
566,-26
567,-26
568,-34
569,-33
570,-34
571,-21
572,-27
573,-39
574,-18
575,-45
576,-26
577,-25
578,-15
579,-22
580,-100
581,-26
582,-25
583,-27
584,-21
585,-26
586,-26
587,-36
588,-25
589,-39
590,-19
591,-22
592,-50
593,-39
594,-20
595,-23
596,-27
597,-23
598,-114
599,-22
600,-25
601,-25
602,-27
603,-123
604,-45
605,-22
606,-100
607,-20
608,-32
609,-28
610,-27
611,-19
612,-22
613,-47
614,-34
615,-19
616,-24
617,-26
618,-27
619,-101
620,-16
621,-16
622,-18
623,-22
624,-19
625,-122
626,-16
627,-18
628,-18
629,-20
630,-22
631,-100
632,-23
633,-33
634,-23
635,-19
636,-100
637,-17
638,-21
639,-20
640,-15
641,-100
642,-24
643,-42
644,-41
645,-41
646,-22
647,-26
648,-18
649,-31
650,-30
651,-103
652,-25
653,-21
654,-24
655,-23
656,-26
657,-25
658,-23
659,-28
660,-27
661,-19
662,-24
663,-36
664,-40
665,-25
666,-33
667,-25
668,-25
669,-23
670,-33
671,-26
672,-41
673,-104
674,-24
675,-19
676,-29
677,-17
678,-31
679,-24
680,-15
681,-100
682,-18
683,-20
684,-16
685,-31
686,-20
687,-21
688,-19
689,-22
690,-17
691,-15
692,-19
693,-22
694,-21
695,-21
696,-16
697,-22
698,-100
699,-23
700,-24
701,-33
702,-100
703,-16
704,-20
705,-19
706,-18
707,-17
708,-23
709,-25
710,-100
711,-18
712,-24
713,-26
714,-17
715,-26
716,-24
717,-19
718,-21
719,-29
720,-19
721,-28
722,-24
723,-19
724,-21
725,-100
726,-18
727,-21
728,-23
729,-100
730,-27
731,-24
732,-29
733,-39
734,-37
735,-18
736,-20
737,-29
738,-24
739,-19
740,-100
741,-29
742,-32
743,-38
744,-124
745,-19
746,-33
747,-28
748,-21
749,-30
750,-28
751,-34
752,-100
753,-24
754,-40
755,-102
756,-22
757,-33
758,-21
759,-22
760,-28
761,-104
762,-32
763,-102
764,-23
765,-32
766,-23
767,-15
768,-118
769,-26
770,-29
771,-28
772,-100
773,-24
774,-22
775,-34
776,-26
777,-21
778,-18
779,-20
780,-30
781,-100
782,-100
783,-29
784,-32
785,-27
786,-101
787,-18
788,-25
789,-102
790,-30
791,-31
792,-22
793,-59
794,-36
795,-36
796,-27
797,-25
798,-31
799,-33
800,-28
801,-18
802,-19
803,-35
804,-35
805,-116
806,-28
807,-34
808,-45
809,-26
810,-40
811,-37
812,-16
813,-24
814,-25
815,-51
816,-24
817,-23
818,-35
819,-21
820,-28
821,-113
822,-22
823,-23
824,-31
825,-32
826,-104
827,-43
828,-22
829,-18
830,-24
831,-33
832,-29
833,-26
834,-39
835,-61
836,-24
837,-27
838,-17
839,-55
840,-36
841,-43
842,-16
843,-19
844,-21
845,-27
846,-112
847,-23
848,-21
849,-26
850,-22
851,-27
852,-21
853,-20
854,-19
855,-26
856,-27
857,-22
858,-23
859,-20
860,-23
861,-101
862,-23
863,-30
864,-18
865,-23
866,-23
867,-16
868,-19
869,-26
870,-100
871,-22
872,-27
873,-100
874,-30
875,-31
876,-17
877,-21
878,-19
879,-17
880,-22
881,-32
882,-20
883,-19
884,-38
885,-32
886,-26
887,-18
888,-100
889,-19
890,-26
891,-24
892,-19
893,-16
894,-18
895,-25
896,-100
897,-24
898,-17
899,-26
900,-19
901,-23
902,-21
903,-21
904,-19
905,-22
906,-19
907,-100
908,-19
909,-17
910,-26
911,-19
912,-20
913,-100
914,-26
915,-18
916,-24
917,-22
918,-20
919,-100
920,-27
921,-33
922,-25
923,-15
924,-22
925,-24
926,-17
927,-16
928,-17
929,-25
930,-101
931,-21
932,-17
933,-23
934,-22
935,-20
936,-119
937,-20
938,-45
939,-24
940,-17
941,-100
942,-25
943,-18
944,-22
945,-29
946,-18
947,-23
948,-22
949,-20
950,-20
951,-27
952,-21
953,-17
954,-22
955,-21
956,-27
957,-17
958,-19
959,-15
960,-28
961,-19
962,-22
963,-27
964,-100
965,-25
966,-32
967,-25
968,-28
969,-100
970,-25
971,-30
972,-33
973,-41
974,-25
975,-25
976,-100
977,-36
978,-28
979,-28
980,-31
981,-26
982,-100
983,-115
984,-46
985,-26
986,-20
987,-27
988,-22
989,-27
990,-24
991,-36
992,-107
993,-24
994,-61
995,-22
996,-22
997,-32
998,-33
999,-118
1000,-23
1001,-19
1002,-37
1003,-18
1004,-36
1005,-16
1006,-26
1007,-28
1008,-48
1009,-107
1010,-31
1011,-27
1012,-22
1013,-108
1014,-26
1015,-36
1016,-37
1017,-29
1018,-24
1019,-32
1020,-52
1021,-37
1022,-101
1023,-25
1024,-49
1025,-58
1026,-107
1027,-17
1028,-54
1029,-27
1030,-25
1031,-122
1032,-30
1033,-56
1034,-28
1035,-120
1036,-18
1037,-33
1038,-24
1039,-22
1040,-27
1041,-38
1042,-25
1043,-34
1044,-26
1045,-40
1046,-24
1047,-102
1048,-20
1049,-24
1050,-31
1051,-34
1052,-30
1053,-31
1054,-44
1055,-57
1056,-83
1057,-23
1058,-29
1059,-25
1060,-103
1061,-24
1062,-29
1063,-23
1064,-29
1065,-33
1066,-105
1067,-18
1068,-26
1069,-24
1070,-26
1071,-24
1072,-28
1073,-18
1074,-24
1075,-25
1076,-20
1077,-19
1078,-100
1079,-16
1080,-28
1081,-18
1082,-22
1083,-17
1084,-23
1085,-18
1086,-17
1087,-19
1088,-100
1089,-20
1090,-21
1091,-23
1092,-31
1093,-22
1094,-25
1095,-18
1096,-20
1097,-19
1098,-100
1099,-30
1100,-16
1101,-23
1102,-21
1103,-17
1104,-22
1105,-17
1106,-101
1107,-17
1108,-15
1109,-18
1110,-20
1111,-27
1112,-17
1113,-100
1114,-35
1115,-19
1116,-22
1117,-28
1118,-16
1119,-100
1120,-19
1121,-17
1122,-18
1123,-100
1124,-30
1125,-108
1126,-21
1127,-22
1128,-21
1129,-25
1130,-22
1131,-21
1132,-21
1133,-23
1134,-16
1135,-20
1136,-20
1137,-19
1138,-23
1139,-32
1140,-23
1141,-32
1142,-100
1143,-19
1144,-100
1145,-23
1146,-16
1147,-100
1148,-16
1149,-23
1150,-100
1151,-21
1152,-31
1153,-31
1154,-29
1155,-17
1156,-22
1157,-20
1158,-35
1159,-20
1160,-20
1161,-25
1162,-101
1163,-19
1164,-29
1165,-20
1166,-27
1167,-23
1168,-30
1169,-101
1170,-19
1171,-17
1172,-19
1173,-22
1174,-29
1175,-100
1176,-23
1177,-100
1178,-19
1179,-20
1180,-100
1181,-101
1182,-47
1183,-17
1184,-16
1185,-101
1186,-23
1187,-17
1188,-21
1189,-18
1190,-26
1191,-22
1192,-27
1193,-26
1194,-19
1195,-16
1196,-19
1197,-28
1198,-24
1199,-15
1200,-18
1201,-20
1202,-114
1203,-16
1204,-21
1205,-17
1206,-19
1207,-20
1208,-21
1209,-100
1210,-17
1211,-24
1212,-18
1213,-22
1214,-16
1215,-20
1216,-24
1217,-25
1218,-20
1219,-26
1220,-100
1221,-20
1222,-16
1223,-17
1224,-17
1225,-101
1226,-17
1227,-21
1228,-23
1229,-20
1230,-17
1231,-27
1232,-28
1233,-110
1234,-21
1235,-20
1236,-19
1237,-22
1238,-24
1239,-16
1240,-16
1241,-100
1242,-21
1243,-25
1244,-30
1245,-23
1246,-19
1247,-24
1248,-24
1249,-19
1250,-29
1251,-18
1252,-22
1253,-19
1254,-19
1255,-20
1256,-27
1257,-19
1258,-16
1259,-20
1260,-19
1261,-23
1262,-33
1263,-18
1264,-25
1265,-21
1266,-20
1267,-19
1268,-15
1269,-21
1270,-22
1271,-24
1272,-19
1273,-22
1274,-20
1275,-16
1276,-20
1277,-24
1278,-100
1279,-28
1280,-24
1281,-18
1282,-105
1283,-25
1284,-24
1285,-21
1286,-23
1287,-16
1288,-19
1289,-20
1290,-17
1291,-23
1292,-111
1293,-25
1294,-20
1295,-18
1296,-25
1297,-19
1298,-22
1299,-20
1300,-20
1301,-16
1302,-100
1303,-15
1304,-22
1305,-23
1306,-29
1307,-20
1308,-106
1309,-29
1310,-20
1311,-28
1312,-30
1313,-20
1314,-18
1315,-24
1316,-25
1317,-22
1318,-36
1319,-25
1320,-25
1321,-130
1322,-21
1323,-101
1324,-31
1325,-18
1326,-21
1327,-31
1328,-21
1329,-17
1330,-100
1331,-18
1332,-23
1333,-17
1334,-42
1335,-26
1336,-23
1337,-23
1338,-15
1339,-26
1340,-25
1341,-18
1342,-100
1343,-22
1344,-33
1345,-16
1346,-33
1347,-19
1348,-19
1349,-16
1350,-101
1351,-26
1352,-100
1353,-19
1354,-49
1355,-26
1356,-22
1357,-23
1358,-17
1359,-20
1360,-42
1361,-40
1362,-20
1363,-29
1364,-39
1365,-20
1366,-111
1367,-30
1368,-20
1369,-23
1370,-22
1371,-21
1372,-20
1373,-17
1374,-21
1375,-19
1376,-20
1377,-17
1378,-28
1379,-21
1380,-100
1381,-26
1382,-18
1383,-42
1384,-22
1385,-100
1386,-101
1387,-17
1388,-28
1389,-31
1390,-22
1391,-34
1392,-37
1393,-25
1394,-37
1395,-34
1396,-18
1397,-17
1398,-41
1399,-28
1400,-24
1401,-20
1402,-67
1403,-115
1404,-19
1405,-100
1406,-116
1407,-100
1408,-27
1409,-17
1410,-20
1411,-16
1412,-100
1413,-20
1414,-19
1415,-25
1416,-27
1417,-100
1418,-20
1419,-20
1420,-100
1421,-22
1422,-18
1423,-100
1424,-21
1425,-112
1426,-36
1427,-30
1428,-102
1429,-49
1430,-27
1431,-109
1432,-19
1433,-25
1434,-23
1435,-22
1436,-16
1437,-17
1438,-18
1439,-22
1440,-20
1441,-18
1442,-19
1443,-18
1444,-17
1445,-18
1446,-19
1447,-19
1448,-22
1449,-16
1450,-100
1451,-25
1452,-100
1453,-16
1454,-23
1455,-22
1456,-24
1457,-100
1458,-21
1459,-21
1460,-18
1461,-21
1462,-100
1463,-25
1464,-22
1465,-17
1466,-100
1467,-22
1468,-20
1469,-23
1470,-20
1471,-25
1472,-28
1473,-17
1474,-100
1475,-22
1476,-22
1477,-17
1478,-23
1479,-100
1480,-29
1481,-22
1482,-19
1483,-20
1484,-18
1485,-34
1486,-100
1487,-17
1488,-23
1489,-19
1490,-28
1491,-16
1492,-27
1493,-101
1494,-17
1495,-25
1496,-20
1497,-100
1498,-23
1499,-16
1500,-21
1501,-23
1502,-100
1503,-18
1504,-100
1505,-21
1506,-20
1507,-100
1508,-17
1509,-104
1510,-22
1511,-20
1512,-18
1513,-21
1514,-18
1515,-24
1516,-20
1517,-25
1518,-22
1519,-21
1520,-22
1521,-18
1522,-100
1523,-23
1524,-19
1525,-22
1526,-27
1527,-26
1528,-22
1529,-28
1530,-17
1531,-24
1532,-15
1533,-100
1534,-16
1535,-18
1536,-27
1537,-29
1538,-24
1539,-21
1540,-24
1541,-17
1542,-22
1543,-18
1544,-26
1545,-16
1546,-100
1547,-19
1548,-22
1549,-24
1550,-15
1551,-22
1552,-36
1553,-100
1554,-19
1555,-24
1556,-17
1557,-100
1558,-17
1559,-16
1560,-19
1561,-20
1562,-42
1563,-22
1564,-100
1565,-20
1566,-30
1567,-17
1568,-25
1569,-22
1570,-19
1571,-19
1572,-18
1573,-20
1574,-100
1575,-22
1576,-27
1577,-17
1578,-21
1579,-21
1580,-22
1581,-19
1582,-27
1583,-100
1584,-22
1585,-24
1586,-19
1587,-15
1588,-17
1589,-26
1590,-22
1591,-30
1592,-21
1593,-31
1594,-21
1595,-26
1596,-15
1597,-20
1598,-16
1599,-22
1600,-100
1601,-23
1602,-17
1603,-20
1604,-18
1605,-100
1606,-23
1607,-100
1608,-24
1609,-100
1610,-18
1611,-15
1612,-19
1613,-22
1614,-22
1615,-26
1616,-23
1617,-17
1618,-25
1619,-19
1620,-100
1621,-19
1622,-23
1623,-100
1624,-23
1625,-100
1626,-101
1627,-21
1628,-23
1629,-19
1630,-18
1631,-106
1632,-29
1633,-29
1634,-16
1635,-16
1636,-31
1637,-27
1638,-100
1639,-24
1640,-15
1641,-100
1642,-24
1643,-28
1644,-20
1645,-102
1646,-26
1647,-20
1648,-24
1649,-19
1650,-100
1651,-25
1652,-100
1653,-24
1654,-24
1655,-27
1656,-21
1657,-17
1658,-25
1659,-100
1660,-17
1661,-18
1662,-15
1663,-28
1664,-101
1665,-20
1666,-19
1667,-15
1668,-25
1669,-16
1670,-20
1671,-19
1672,-18
1673,-20
1674,-24
1675,-101
1676,-21
1677,-16
1678,-18
1679,-100
1680,-19
1681,-19
1682,-24
1683,-17
1684,-16
1685,-30
1686,-20
1687,-100
1688,-18
1689,-100
1690,-24
1691,-16
1692,-15
1693,-15
1694,-100
1695,-27
1696,-22
1697,-15
1698,-20
1699,-23
1700,-21
1701,-100
1702,-18
1703,-100
1704,-17
1705,-19
1706,-20
1707,-18
1708,-20
1709,-19
1710,-16
1711,-26
1712,-118
1713,-22
1714,-21
1715,-20
1716,-22
1717,-32
1718,-19
1719,-26
1720,-28
1721,-20
1722,-100
1723,-20
1724,-23
1725,-26
1726,-18
1727,-16
1728,-100
1729,-100
1730,-22
1731,-17
1732,-21
1733,-16
1734,-20
1735,-23
1736,-25
1737,-22
1738,-35
1739,-19
1740,-28
1741,-100
1742,-25
1743,-19
1744,-17
1745,-100
1746,-25
1747,-21
1748,-100
1749,-100
1750,-22
1751,-22
1752,-101
1753,-25
1754,-20
1755,-39
1756,-21
1757,-32
1758,-102
1759,-33
1760,-120
1761,-43
1762,-52
1763,-36
1764,-28
1765,-39
1766,-29
1767,-26
1768,-31
1769,-25
1770,-25
1771,-23
1772,-100
1773,-42
1774,-44
1775,-22
1776,-23
1777,-23
1778,-26
1779,-21
1780,-35
1781,-48
1782,-19
1783,-26
1784,-48
1785,-45
1786,-18
1787,-18
1788,-22
1789,-19
1790,-41
1791,-29
1792,-19
1793,-110
1794,-18
1795,-19
1796,-15
1797,-22
1798,-23
1799,-27
1800,-19
1801,-60
1802,-42
1803,-102
1804,-23
1805,-50
1806,-23
1807,-23
1808,-21
1809,-29
1810,-31
1811,-18
1812,-24
1813,-38
1814,-42
1815,-20
1816,-101
1817,-33
1818,-105
1819,-31
1820,-30
1821,-47
1822,-29
1823,-22
1824,-27
1825,-25
1826,-27
1827,-103
1828,-43
1829,-39
1830,-107
1831,-31
1832,-27
1833,-34
1834,-22
1835,-16
1836,-35
1837,-18
1838,-22
1839,-127
1840,-20
1841,-23
1842,-30
1843,-35
1844,-103
1845,-18
1846,-20
1847,-100
1848,-19
1849,-22
1850,-23
1851,-119
1852,-16
1853,-24
1854,-20
1855,-20
1856,-23
1857,-22
1858,-17
1859,-21
1860,-22
1861,-20
1862,-17
1863,-24
1864,-24
1865,-25
1866,-23
1867,-19
1868,-26
1869,-20
1870,-19
1871,-23
1872,-101
1873,-25
1874,-16
1875,-19
1876,-25
1877,-100
1878,-20
1879,-17
1880,-102
1881,-16
1882,-23
1883,-100
1884,-19
1885,-27
1886,-33
1887,-27
1888,-24
1889,-25
1890,-25
1891,-21
1892,-37
1893,-22
1894,-21
1895,-23
1896,-104
1897,-41
1898,-21
1899,-19
1900,-21
1901,-19
1902,-20
1903,-24
1904,-22
1905,-19
1906,-18
1907,-20
1908,-21
1909,-19
1910,-15
1911,-100
1912,-21
1913,-20
1914,-17
1915,-24
1916,-21
1917,-24
1918,-17
1919,-16
1920,-21
1921,-16
1922,-17
1923,-29
1924,-24
1925,-23
1926,-24
1927,-19
1928,-100
1929,-27
1930,-17
1931,-17
1932,-22
1933,-29
1934,-22
1935,-15
1936,-23
1937,-18
1938,-20
1939,-18
1940,-101
1941,-15
1942,-16
1943,-18
1944,-100
1945,-100
1946,-22
1947,-22
1948,-20
1949,-23
1950,-19
1951,-24
1952,-16
1953,-20
1954,-26
1955,-18
1956,-27
1957,-21
1958,-22
1959,-23
1960,-17
1961,-18
1962,-19
1963,-21
1964,-21
1965,-19
1966,-32
1967,-31
1968,-25
1969,-23
1970,-30
1971,-19
1972,-27
1973,-18
1974,-20
1975,-100
1976,-17
1977,-20
1978,-15
1979,-100
1980,-27
1981,-26
1982,-18
1983,-22
1984,-17
1985,-17
1986,-18
1987,-20
1988,-25
1989,-100
1990,-26
1991,-21
1992,-22
1993,-30
1994,-18
1995,-21
1996,-32
1997,-19
1998,-19
1999,-100
2000,-23
2001,-31
2002,-21
2003,-16
2004,-17
2005,-23
2006,-20
2007,-30
2008,-101
2009,-100
2010,-17
2011,-15
2012,-20
2013,-23
2014,-18
2015,-22
2016,-20
2017,-16
2018,-15
2019,-20
2020,-21
2021,-20
2022,-31
2023,-18
2024,-31
2025,-17
2026,-37
2027,-24
2028,-26
2029,-18
2030,-17
2031,-17
2032,-20
2033,-17
2034,-17
2035,-22
2036,-24
2037,-16
2038,-24
2039,-32
2040,-17
2041,-17
2042,-100
2043,-25
2044,-22
2045,-17
2046,-19
2047,-23
2048,-19
2049,-21
2050,-21
2051,-100
2052,-16
2053,-23
2054,-22
2055,-18
2056,-25
2057,-19
2058,-21
2059,-18
2060,-23
2061,-25
2062,-100
2063,-20
2064,-23
2065,-22
2066,-100
2067,-19
2068,-21
2069,-23
2070,-21
2071,-18
2072,-18
2073,-17
2074,-19
2075,-21
2076,-18
2077,-25
2078,-21
2079,-18
2080,-100
2081,-21
2082,-17
2083,-18
2084,-21
2085,-19
2086,-17
2087,-19
2088,-15
2089,-19
2090,-23
2091,-17
2092,-20
2093,-23
2094,-22
2095,-27
2096,-100
2097,-17
2098,-18
2099,-20
2100,-21
2101,-21
2102,-16
2103,-17
2104,-16
2105,-28
2106,-24
2107,-18
2108,-31
2109,-27
2110,-16
2111,-20
2112,-100
2113,-21
2114,-18
2115,-18
2116,-19
2117,-16
2118,-18
2119,-20
2120,-19
2121,-25
2122,-23
2123,-21
2124,-20
2125,-23
2126,-18
2127,-21
2128,-17
2129,-16
2130,-24
2131,-24
2132,-21
2133,-21
2134,-15
2135,-21
2136,-27
2137,-19
2138,-20
2139,-100
2140,-21
2141,-15
2142,-21
2143,-23
2144,-22
2145,-23
2146,-29
2147,-20
2148,-19
2149,-20
2150,-20
2151,-18
2152,-19
2153,-22
2154,-20
2155,-19
2156,-19
2157,-23
2158,-16
2159,-27
2160,-28
2161,-20
2162,-22
2163,-23
2164,-22
2165,-17
2166,-28
2167,-21
2168,-19
2169,-21
2170,-19
2171,-22
2172,-23
2173,-19
2174,-18
2175,-100
2176,-22
2177,-19
2178,-23
2179,-29
2180,-100
2181,-17
2182,-28
2183,-100
2184,-23
2185,-16
2186,-26
2187,-20
2188,-127
2189,-36
2190,-23
2191,-19
2192,-23
2193,-100
2194,-24
2195,-16
2196,-100
2197,-20
2198,-29
2199,-101
2200,-24
2201,-31
2202,-15
2203,-23
2204,-28
2205,-17
2206,-25
2207,-17
2208,-19
2209,-16
2210,-101
2211,-17
2212,-22
2213,-19
2214,-18
2215,-16
2216,-20
2217,-27
2218,-19
2219,-21
2220,-17
2221,-19
2222,-30
2223,-20
2224,-15
2225,-29
2226,-20
2227,-17
2228,-15
2229,-100
2230,-15
2231,-21
2232,-15
2233,-22
2234,-18
2235,-20
2236,-27
2237,-24
2238,-24
2239,-22
2240,-100
2241,-27
2242,-23
2243,-100
2244,-19
2245,-22
2246,-22
2247,-26
2248,-28
2249,-23
2250,-19
2251,-32
2252,-19
2253,-24
2254,-100
2255,-15
2256,-19
2257,-22
2258,-30
2259,-17
2260,-100
2261,-19
2262,-16
2263,-24
2264,-23
2265,-21
2266,-20
2267,-17
2268,-17
2269,-29
2270,-16
2271,-16
2272,-16
2273,-21
2274,-23
2275,-19
2276,-16
2277,-20
2278,-18
2279,-23
2280,-16
2281,-15
2282,-17
2283,-22
2284,-17
2285,-22
2286,-29
2287,-15
2288,-19
2289,-21
2290,-100
2291,-19
2292,-100
2293,-100
2294,-100
2295,-34
2296,-23
2297,-22
2298,-22
2299,-30
2300,-21
2301,-30
2302,-28
2303,-32
2304,-103
2305,-33
2306,-19
2307,-16
2308,-106
2309,-25
2310,-24
2311,-26
2312,-52
2313,-30
2314,-30
2315,-23
2316,-102
2317,-16
2318,-103
2319,-28
2320,-20
2321,-30
2322,-17
2323,-30
2324,-18
2325,-31
2326,-27
2327,-29
2328,-26
2329,-32
2330,-17
2331,-40
2332,-27
2333,-30
2334,-18
2335,-106
2336,-35
2337,-121
2338,-20
2339,-17
2340,-21
2341,-18
2342,-26
2343,-20
2344,-101
2345,-19
2346,-20
2347,-17
2348,-17
2349,-21
2350,-100
2351,-24
2352,-29
2353,-18
2354,-100
2355,-16
2356,-18
2357,-22
2358,-15
2359,-18
2360,-22
2361,-16
2362,-19
2363,-16
2364,-19
2365,-22
2366,-18
2367,-18
2368,-15
2369,-24
2370,-100
2371,-20
2372,-100
2373,-102
2374,-28
2375,-23
2376,-100
2377,-21
2378,-24
2379,-30
2380,-24
2381,-20
2382,-22
2383,-24
2384,-17
2385,-19
2386,-18
2387,-17
2388,-31
2389,-19
2390,-25
2391,-19
2392,-21
2393,-16
2394,-23
2395,-18
2396,-28
2397,-25
2398,-24
2399,-15
2400,-29
2401,-100
2402,-103
2403,-19
2404,-17
2405,-19
2406,-18
2407,-26
2408,-100
2409,-15
2410,-31
2411,-119
2412,-22
2413,-37
2414,-22
2415,-100
2416,-19
2417,-29
2418,-24
2419,-43
2420,-18
2421,-18
2422,-19
2423,-100
2424,-30
2425,-15
2426,-19
2427,-29
2428,-21
2429,-26
2430,-35
2431,-18
2432,-22
2433,-27
2434,-20
2435,-100
2436,-17
2437,-19
2438,-21
2439,-22
2440,-18
2441,-20
2442,-17
2443,-26
2444,-20
2445,-32
2446,-23
2447,-22
2448,-100
2449,-23
2450,-23
2451,-17
2452,-17
2453,-23
2454,-23
2455,-18
2456,-22
2457,-21
2458,-19
2459,-27
2460,-21
2461,-23
2462,-24
2463,-15
2464,-21
2465,-20
2466,-29
2467,-100
2468,-100
2469,-100
2470,-25
2471,-22
2472,-30
2473,-28
2474,-38
2475,-36
2476,-23
2477,-25
2478,-38
2479,-24
2480,-33
2481,-18
2482,-34
2483,-31
2484,-26
2485,-127
2486,-38
2487,-69
2488,-30
2489,-25
2490,-58
2491,-23
2492,-31
2493,-27
2494,-105
2495,-23
2496,-25
2497,-29
2498,-44
2499,-44
2500,-31
2501,-20
2502,-23
2503,-25
2504,-40
2505,-24
2506,-23
2507,-112
2508,-39
2509,-101
2510,-23
2511,-32
2512,-33
2513,-24
2514,-70
2515,-102
2516,-25
2517,-25
2518,-31
2519,-25
2520,-33
2521,-36
2522,-26
2523,-30
2524,-25
2525,-87
2526,-18
2527,-108
2528,-17
2529,-104
2530,-19
2531,-26
2532,-26
2533,-23
2534,-39
2535,-54
2536,-28
2537,-31
2538,-17
2539,-53
2540,-33
2541,-22
2542,-41
2543,-17
2544,-19
2545,-29
2546,-20
2547,-38
2548,-15
2549,-17
2550,-26
2551,-27
2552,-27
2553,-24
2554,-32
2555,-18
2556,-39
2557,-23
2558,-39
2559,-22
2560,-30
2561,-50
2562,-36
2563,-28
2564,-100
2565,-19
2566,-34
2567,-32
2568,-27
2569,-114
2570,-19
2571,-27
2572,-25
2573,-37
2574,-30
2575,-30
2576,-33
2577,-16
2578,-41
2579,-15
2580,-112
2581,-25
2582,-24
2583,-24
2584,-20
2585,-21
2586,-24
2587,-31
2588,-40
2589,-21
2590,-21
2591,-112
2592,-23
2593,-21
2594,-34
2595,-52
2596,-25
2597,-52
2598,-38
2599,-39
2600,-18
2601,-33
2602,-16
2603,-28
2604,-38
2605,-41
2606,-23
2607,-15
2608,-24
2609,-26
2610,-22
2611,-102
2612,-22
2613,-33
2614,-25
2615,-101
2616,-28
2617,-24
2618,-17
2619,-29
2620,-19
2621,-26
2622,-15
2623,-23
2624,-15
2625,-101
2626,-18
2627,-21
2628,-100
2629,-25
2630,-19
2631,-23
2632,-22
2633,-17
2634,-28
2635,-118
2636,-19
2637,-27
2638,-35
2639,-35
2640,-33
2641,-26
2642,-36
2643,-30
2644,-35
2645,-18
2646,-26
2647,-22
2648,-20
2649,-34
2650,-19
2651,-21
2652,-20
2653,-29
2654,-39
2655,-17
2656,-17
2657,-19
2658,-20
2659,-22
2660,-24
2661,-100
2662,-18
2663,-21
2664,-26
2665,-31
2666,-101
2667,-100
2668,-104
2669,-116
2670,-18
2671,-20
2672,-17
2673,-20
2674,-24
2675,-100
2676,-19
2677,-24
2678,-20
2679,-100
2680,-16
2681,-19
2682,-23
2683,-100
2684,-17
2685,-22
2686,-20
2687,-21
2688,-100
2689,-20
2690,-100
2691,-36
2692,-32
2693,-29
2694,-28
2695,-104
2696,-31
2697,-37
2698,-23
2699,-103
2700,-23
2701,-24
2702,-100
2703,-100
2704,-34
2705,-25
2706,-34
2707,-61
2708,-58
2709,-29
2710,-51
2711,-106
2712,-16
2713,-105
2714,-24
2715,-26
2716,-20
2717,-29
2718,-34
2719,-32
2720,-37
2721,-29
2722,-30
2723,-40
2724,-32
2725,-24
2726,-25
2727,-20
2728,-28
2729,-30
2730,-113
2731,-26
2732,-35
2733,-119
2734,-27
2735,-28
2736,-24
2737,-30
2738,-30
2739,-40
2740,-42
2741,-108
2742,-20
2743,-30
2744,-26
2745,-28
2746,-22
2747,-28
2748,-22
2749,-16
2750,-100
2751,-18
2752,-26
2753,-27
2754,-35
2755,-21
2756,-25
2757,-19
2758,-28
2759,-29
2760,-25
2761,-44
2762,-18
2763,-31
2764,-19
2765,-42
2766,-104
2767,-30
2768,-24
2769,-16
2770,-19
2771,-23
2772,-17
2773,-19
2774,-23
2775,-21
2776,-23
2777,-23
2778,-28
2779,-25
2780,-21
2781,-25
2782,-20
2783,-23
2784,-100
2785,-21
2786,-19
2787,-31
2788,-17
2789,-24
2790,-17
2791,-18
2792,-18
2793,-100
2794,-15
2795,-15
2796,-101
2797,-26
2798,-25
2799,-20
2800,-29
2801,-31
2802,-19
2803,-27
2804,-28
2805,-34
2806,-39
2807,-104
2808,-13
2809,-17
2810,-21
2811,-20
2812,-102
2813,-17
2814,-17
2815,-27
2816,-18
2817,-38
2818,-28
2819,-26
2820,-26
2821,-25
2822,-48
2823,-57
2824,-45
2825,-116
2826,-37
2827,-114
2828,-19
2829,-31
2830,-31
2831,-23
2832,-33
2833,-45
2834,-33
2835,-24
2836,-25
2837,-21
2838,-22
2839,-16
2840,-21
2841,-26
2842,-23
2843,-17
2844,-21
2845,-17
2846,-17
2847,-22
2848,-22
2849,-17
2850,-22
2851,-15
2852,-23
2853,-23
2854,-24
2855,-21
2856,-19
2857,-32
2858,-20
2859,-18
2860,-18
2861,-23
2862,-28
2863,-100
2864,-29
2865,-19
2866,-21
2867,-20
2868,-17
2869,-19
2870,-19
2871,-22
2872,-22
2873,-20
2874,-26
2875,-17
2876,-17
2877,-24
2878,-17
2879,-17
2880,-27
2881,-29
2882,-100
2883,-24
2884,-22
2885,-26
2886,-17
2887,-23
2888,-28
2889,-18
2890,-19
2891,-15
2892,-19
2893,-24
2894,-26
2895,-17
2896,-19
2897,-20
2898,-16
2899,-100
2900,-15
2901,-27
2902,-22
2903,-24
2904,-24
2905,-20
2906,-16
2907,-24
2908,-21
2909,-20
2910,-25
2911,-27
2912,-23
2913,-24
2914,-19
2915,-21
2916,-119
2917,-18
2918,-22
2919,-16
2920,-100
2921,-16
2922,-17
2923,-100
2924,-100
2925,-19
2926,-15
2927,-23
2928,-22
2929,-34
2930,-25
2931,-30
2932,-20
2933,-17
2934,-16
2935,-15
2936,-18
2937,-23
2938,-25
2939,-17
2940,-15
2941,-100
2942,-24
2943,-101
2944,-26
2945,-29
2946,-40
2947,-19
2948,-27
2949,-25
2950,-18
2951,-113
2952,-35
2953,-29
2954,-22
2955,-104
2956,-24
2957,-21
2958,-20
2959,-27
2960,-18
2961,-16
2962,-17
2963,-22
2964,-26
2965,-22
2966,-24
2967,-17
2968,-17
2969,-19
2970,-24
2971,-25
2972,-100
2973,-19
2974,-21
2975,-23
2976,-43
2977,-26
2978,-18
2979,-21
2980,-21
2981,-26
2982,-22
2983,-15
2984,-19
2985,-21
2986,-16
2987,-19
2988,-19
2989,-26
2990,-23
2991,-23
2992,-19
2993,-26
2994,-19
2995,-29
2996,-19
2997,-22
2998,-24
2999,-15
